10,295
10,85
10,35
10,193
10,179
10,231
10,201
11,5
11,15
11,13
11,7
11,25
11,29
11,17
9,5
8,18
8,10
8,8
8,7
20,3
20,2
20,1
19,3
19,2
19,1
12,3
12,2
12,1
11,28
11,22
11,20
11,16
11,14
11,12
11,8
11,3
11,2
11,1
10,260
18,1
10,192
18,3
10,180
10,148
10,136
10,124
10,8
10,3
10,2
10,1
9,7
9,6
9,4
9,3
9,2
9,1
8,17
8,15
8,14
8,11
8,9
8,4
8,3
8,2
8,1
3,3
3,2
3,1
2,2
2,1
2,3
45,3
13,1
13,3
0,0
45,1
45,4
14,1
14,3
0,9
67,34
67,33
67,32
67,31
67,30
67,29
67,28
67,27
67,26
67,25
67,24
67,23
67,22
67,21
67,20
67,19
67,18
67,17
67,16
